323 476 454 61 92 387 479 125 247 427 48 73 461 145 499 79 101 239 242 385 177 54 103 312 202 433 225 415 373 470 238 348 424 299 441 310 278 65 57 204 114 130 164 260 128 244 361 368 487 246 328 163 300 432 1 364 200 417 237 170 154 84 94 25 404 231 91 462 436 206 99 466 221 344 327 88 331 72 494 372 374 212 290 449 340 445 33 435 399 59 339 150 356 392 165 322 112 8 148 220 116 333 465 302 473 255 313 159 98 218 85 228 369 294 277 459 46 389 468 194 89 307 140 5 171 443 471 474 227 425 132 23 351 252 45 4 492 110 472 186 279 100 406 419 106 77 76 276 2 226 31 477 250 382 35 102 480 47 201 51 38 224 11 303 324 222 431 495 83 6 359 308 317 362 34 338 284 230 286 332 354 334 379 386 366 410 141 377 434 396 289 16 402 207 376 210 24 74 28 315 314 357 444 371 156 336 394 90 232 182 133 390 483 343 219 87 287 115 325 43 138 400 113 122 240 213 298 442 188 111 405 488 146 418 190 497 241 167 350 381 49 183 235 347 93 176 486 136 97 319
74 38 470 2 240 421 438 403 202 336 437 465 31 260 316 127 306 251 292 118
323 202 192 483 361 33 140 417 449 217 125 10 250 423 138 497 252 206 59 392 183 292 150 455 313 117 390 143 287 325
361 389 35 164 233 115 467 468 493 399 473 277 472 181 440 298 174 102 129 178 416 435 430 177 263 131 392 370 254 363 191 128 29 75 434 150 475 43 14 200
75 128 376 330 238 313 307 466 182 200 109 357 434 220 410 351 458 396 43 341 282 163 34 349 354 464 419 210 30 221 446 255 353 66 318 108 201 35 1 17 451 14 418 320 227 62 193 296 129 345
369 81 162 348 326 415 120 397 496 118 123 449 156 321 176 94 412 417 103 283 370 223 268 88 143 388 419 52 59 287 226 130 245 316 221 164 140 488 169 127 76 189 409 434 498 122 47 113 135 265 125 307 29 90 382 350 272 254 77 237
//100
450 198 164 61 19 102 471 14 18 91 231 192 141 185 83 189 387 361 391 419 314 204 191 247 248 129 103 366 464 79 117 400 90 350 49 245 124 290 246 43 140 444 486 298 38 130 81 482 184 497 113 50 53 80 27 161 330 341 487 178 374 363 4 33 426 115 349 176 268 311 85 23 1 31 99 291 274 413 210 483 353 63 40 167 116 402 64 420 71 206 481 318 21 183 303 62 220 153 108 389
//200
498 242 189 259 469 46 261 164 356 334 209 73 65 389 425 352 170 251 76 421 291 323 248 151 361 112 415 394 426 290 145 16 350 456 221 256 462 288 237 67 72 239 147 393 399 166 1 157 343 27 154 90 381 348 155 175 199 476 141 306 276 351 132 3 302 213 258 490 113 109 496 69 460 403 60 185 104 192 500 341 296 96 216 269 368 265 485 58 377 66 452 464 81 35 44 156 227 28 382 86 206 102 23 138 453 442 449 424 321 21 457 459 26 188 103 43 295 106 18 475 481 439 97 325 346 20 380 173 77 310 83 473 92 161 494 450 438 169 331 19 335 150 316 337 271 353 33 367 484 8 215 111 309 100 98 467 307 117 125 369 278 280 126 123 142 139 407 47 246 187 61 6 300 391 364 312 220 30 160 63 82 134 25 110 205 441 93 395 298 299 279 491 137 479 152 114 375 229 492 289
//300
392 28 299 305 415 19 453 126 361 237 145 445 358 295 185 194 391 289 432 238 473 187 251 64 260 393 122 65 142 22 131 343 407 68 399 362 18 50 173 442 6 379 150 101 199 217 444 192 459 484 16 36 304 462 460 12 49 443 206 382 234 320 359 383 25 130 255 421 91 452 285 254 283 481 352 178 478 17 355 248 409 290 329 468 426 55 318 372 165 108 169 271 166 113 390 23 308 387 134 183 144 282 106 267 58 188 340 94 491 281 109 123 401 174 324 373 466 280 149 40 51 335 227 229 257 176 71 342 315 431 20 268 2 59 454 321 430 313 427 286 147 266 253 252 117 367 128 45 446 412 388 15 433 9 220 332 492 250 347 13 486 215 201 297 57 406 483 463 385 417 363 300 418 121 376 73 7 494 261 168 211 82 477 47 436 291 41 464 160 402 384 67 182 207 112 249 171 175 323 85 35 24 153 310 470 303 138 152 78 198 124 435 4 482 8 213 143 424 139 92 497 241 334 309 37 306 302 440 158 339 472 479 276 235 189 381 245 333 26 298 228 487 202 163 370 240 77 46 450 312 155 471 221 27 14 378 161 389 184 79 456 89 317 330 490 301 386 400 119 11 469 62 72 429 83 354 135 214 350 447 90 136 137 316 496 56 203 74 349 99 236 212 115 21 437 38 191 422 336 48
//20
1 7 2 4 17 8 13 18 12 19 10 6 5 11 9 14 20 16 3 15