323 476 454 61 92 387 479 125 247 427 48 73 461 145 499 79 101 239 242 385 177 54 103 312 202 433 225 415 373 470 238 348 424 299 441 310 278 65 57 204 114 130 164 260 128 244 361 368 487 246 328 163 300 432 1 364 200 417 237 170 154 84 94 25 404 231 91 462 436 206 99 466 221 344 327 88 331 72 494 372 374 212 290 449 340 445 33 435 399 59 339 150 356 392 165 322 112 8 148 220 116 333 465 302 473 255 313 159 98 218 85 228 369 294 277 459 46 389 468 194 89 307 140 5 171 443 471 474 227 425 132 23 351 252 45 4 492 110 472 186 279 100 406 419 106 77 76 276 2 226 31 477 250 382 35 102 480 47 201 51 38 224 11 303 324 222 431 495 83 6 359 308 317 362 34 338 284 230 286 332 354 334 379 386 366 410 141 377 434 396 289 16 402 207 376 210 24 74 28 315 314 357 444 371 156 336 394 90 232 182 133 390 483 343 219 87 287 115 325 43 138 400 113 122 240 213 298 442 188 111 405 488 146 418 190 497 241 167 350 381 49 183 235 347 93 176 486 136 97 319
74 38 470 2 240 421 438 403 202 336 437 465 31 260 316 127 306 251 292 118
323 202 192 483 361 33 140 417 449 217 125 10 250 423 138 497 252 206 59 392 183 292 150 455 313 117 390 143 287 325
361 389 35 164 233 115 467 468 493 399 473 277 472 181 440 298 174 102 129 178 416 435 430 177 263 131 392 370 254 363 191 128 29 75 434 150 475 43 14 200
75 128 376 330 238 313 307 466 182 200 109 357 434 220 410 351 458 396 43 341 282 163 34 349 354 464 419 210 30 221 446 255 353 66 318 108 201 35 1 17 451 14 418 320 227 62 193 296 129 345
369 81 162 348 326 415 120 397 496 118 123 449 156 321 176 94 412 417 103 283 370 223 268 88 143 388 419 52 59 287 226 130 245 316 221 164 140 488 169 127 76 189 409 434 498 122 47 113 135 265 125 307 29 90 382 350 272 254 77 237
//100
450 198 164 61 19 102 471 14 18 91 231 192 141 185 83 189 387 361 391 419 314 204 191 247 248 129 103 366 464 79 117 400 90 350 49 245 124 290 246 43 140 444 486 298 38 130 81 482 184 497 113 50 53 80 27 161 330 341 487 178 374 363 4 33 426 115 349 176 268 311 85 23 1 31 99 291 274 413 210 483 353 63 40 167 116 402 64 420 71 206 481 318 21 183 303 62 220 153 108 389
//200
498 242 189 259 469 46 261 164 356 334 209 73 65 389 425 352 170 251 76 421 291 323 248 151 361 112 415 394 426 290 145 16 350 456 221 256 462 288 237 67 72 239 147 393 399 166 1 157 343 27 154 90 381 348 155 175 199 476 141 306 276 351 132 3 302 213 258 490 113 109 496 69 460 403 60 185 104 192 500 341 296 96 216 269 368 265 485 58 377 66 452 464 81 35 44 156 227 28 382 86 206 102 23 138 453 442 449 424 321 21 457 459 26 188 103 43 295 106 18 475 481 439 97 325 346 20 380 173 77 310 83 473 92 161 494 450 438 169 331 19 335 150 316 337 271 353 33 367 484 8 215 111 309 100 98 467 307 117 125 369 278 280 126 123 142 139 407 47 246 187 61 6 300 391 364 312 220 30 160 63 82 134 25 110 205 441 93 395 298 299 279 491 137 479 152 114 375 229 492 289
//300
392 28 299 305 415 19 453 126 361 237 145 445 358 295 185 194 391 289 432 238 473 187 251 64 260 393 122 65 142 22 131 343 407 68 399 362 18 50 173 442 6 379 150 101 199 217 444 192 459 484 16 36 304 462 460 12 49 443 206 382 234 320 359 383 25 130 255 421 91 452 285 254 283 481 352 178 478 17 355 248 409 290 329 468 426 55 318 372 165 108 169 271 166 113 390 23 308 387 134 183 144 282 106 267 58 188 340 94 491 281 109 123 401 174 324 373 466 280 149 40 51 335 227 229 257 176 71 342 315 431 20 268 2 59 454 321 430 313 427 286 147 266 253 252 117 367 128 45 446 412 388 15 433 9 220 332 492 250 347 13 486 215 201 297 57 406 483 463 385 417 363 300 418 121 376 73 7 494 261 168 211 82 477 47 436 291 41 464 160 402 384 67 182 207 112 249 171 175 323 85 35 24 153 310 470 303 138 152 78 198 124 435 4 482 8 213 143 424 139 92 497 241 334 309 37 306 302 440 158 339 472 479 276 235 189 381 245 333 26 298 228 487 202 163 370 240 77 46 450 312 155 471 221 27 14 378 161 389 184 79 456 89 317 330 490 301 386 400 119 11 469 62 72 429 83 354 135 214 350 447 90 136 137 316 496 56 203 74 349 99 236 212 115 21 437 38 191 422 336 48
//20
1 7 2 4 17 8 13 18 12 19 10 6 5 11 9 14 20 16 3 15

15167 15268 1251 139 9265 3055 19578 19454 314 17991 18935 6853 12966 15835 313 13133 16747 21892 894 6920 3638 6150 12092 19599 18518 1031 13202 12377 17506 20971 21205 10713 21562 13507 9768 21382 14772 22052 21515 5173 8983 8291 16492 21768 17150 18075 18788 13592 2127 2282 14116 18435 16089 9370 4284 12125 4244 15095 4191 16897 12663 16804 8407 20646 15489 21836 18411 11313 9526 20230 693 7532 6229 7453 5771 15517 17237 2826 6015 11066 19575 4644 22125 8894 21937 12717 18048 12351 19402 21632 21219 7342 10558 4608 17051 2140 15874 14509 3527 12513 14286 3480 2938 3727 16916 8035 19815 10536 7663 7228 19465 16419 10989 895 10587 22679 8258 2560 16408 23015 16892 15711 17918 19535 9421 17500 13005 19196 23428 14087 14541 2777 6023 20419 17070 4361 8032 11084 15491 12104 11944 3909 9493 4132 6708 8339 18056 9550 19701 16071 3694 18525 13927 6908 104 7721 8750 14048 7362 1738 15442 9449 10738 1832 19723 3875 15220 20780 9415 7066 16753 5833 6123 9705 20505 19487 2724 17842 19062 20375 5924 5865 9174 5021 1046 22724 533 15249 4735 1850 10341 16104 1194 13572 8870 13267 18939 10217 8226 20706 948 14548 22540 5581 20707 17575 20464 9047 1669 6943 3122 909 16440 8816 5344 16879 16453 18054 18665 12801 613 15792 18448 5875 8373 22332 9411 9115 4677 8541 6029 20257 12207 12346 17673 21427 12502 21689 7524 23226 22698 18060 21127 16410 122 16922 19143 19052 18376 23263 6804 7210 21653 13093 17212 18919 11997 1574 3831 13649 6377 16421 12490 3905 5713 23046 4531 8890 18288 21462 6520 15933 6323 13104 20813 10221 20034 9576 9683 3852 2815 11089 12282 238 19500 8120 9051 20035 22933 18762 12738 14937 15704 23193 16965 19490 2829 3468 3158 12950 9870 17604 21614 22038 21159 18485 870 8360 16976 14013 15621 16539 919 5209 6258 10156 18594 18137 3477 7764 14982 4091 3774 3788 7967 12095 9102 4619 8611 18478 16449 141 5042 15561 23134 10509 19905 2786 2550 6997 14302 1006 12816 7161 7675 11049 8499 19427 13936 16192 17315 12160 13772 8634 11638 3478 4171 22108 11599 19049 20148 12485 7361 11804 3508 8941 22543 7163 5786 1134 11158 22875 11669 2213 16868 23356 19449 9741 19008 2208 3194 14688 21621 11550 4547 15681 9592 14288 19088 18302 2501 14705 9748 21803 3093 15754 3818 19479 21485 22939 8866 9858 22527 12806 5156 8029 15918 15334 8256 8965 1303 10699 10337 4313 2176 9948 20639 21856 12945 14762 9217 4269 12618 19956 15213 14897 1049 7603 285 23031 7044 16578 22745 3721 20680 23338 22231 8062 15126 18191 22780 18309 22371 291 18355 11791 18778 15157 3049 9329 2273 16135 10723 19560 14986 8641 15485 18397 707 5458 20896 22273 20179 17220 4066 11548 18412 3551 9784 18916 9317 19927 128 20364 3663 4102 9567 10352 13804 9346 20878 4200 1703 3349 5877 19347 8607 10463 19800 20353 7795 4797 22691 9957 22082 801 1361 22916 18140 13266

//500 1

4418 19157 7892 13954 21393 3870 10549 13011 9291 1033 13180 22134 15938 19002 6886 13171 343 18608 23325 20213 13277 11314 4289 8764 6182 10420 20640 11391 19948 12349 12402 9007 10191 15033 16775 9190 9972 19719 22160 18274 14420 4140 7710 17604 14916 16503 23053 18507 21502 9962 18897 10924 22235 23040 322 19174 11064 16922 22049 4405 8766 17785 9336 13796 21213 12403 21658 19712 20258 19040 18727 19532 15820 10594 2988 1802 20629 11267 8951 11171 5872 18072 16641 325 1566 12378 2776 23417 188 9756 10077 1822 10513 12240 57 14014 11889 1986 3808 6288 13470 12376 21868 20856 3834 15860 14339 23114 5169 2170 5374 17447 6419 498 1865 2369 19881 21106 3076 14311 9774 49 2166 18016 4929 19351 14937 23222 14247 2739 21637 11933 7390 2200 14485 553 5042 8221 23124 11078 20952 8559 8520 806 1440 18239 15284 17921 336 3844 1464 19173 18250 20038 9067 19640 17960 15854 22345 22663 7180 5759 4560 3053 13443 17087 619 11422 12352 3127 15222 5324 2706 6289 21859 23225 8274 2522 172 5460 3444 15111 15563 7916 17314 11743 11745 1450 13859 10366 16040 4493 16727 18715 12572 19377 12019 9994 3088 96 12121 4384 3960 9983 22841 17711 14321 2547 18318 6239 10337 5242 8773 19784 23384 2857 10981 16543 6068 5027 4175 22533 13522 3091 7943 22815 5517 603 6099 20011 19093 7775 18602 12654 4868 6090 14912 11956 15828 3290 8879 958 12847 16717 21900 23279 22631 23341 8404 22826 3145 1045 14772 16653 9225 8091 14638 8346 18925 19717 2710 735 12443 560 5393 2251 11950 19462 13670 17976 11371 2587 23017 5326 10978 4530 18268 16379 7188 8295 11413 9461 4022 4180 22278 22196 2034 1927 5595 5430 20693 2072 8582 198 20301 14057 9987 6208 11236 3146 22591 6310 4682 7095 1970 390 11460 17439 18099 16888 4150 8317 2760 16813 2186 5261 16505 19742 7181 3839 19952 17335 20772 23408 4239 9355 19095 7268 12655 4979 18845 1938 4721 4609 10541 16949 1458 16133 5545 6010 9827 1223 6031 13645 8864 6389 22830 21602 16038 18895 21697 23226 5532 21578 16564 18022 22416 9658 22047 11611 141 9920 7858 14795 3205 11766 1636 12092 6161 4696 9 22075 9261 17568 19893 2324 8516 21338 3232 19133 20010 13257 19281 9587 11817 6446 23267 1625 10185 22219 4277 2777 6481 14252 20307 9215 5654 20359 21201 20686 14330 523 16317 7375 9240 17624 18472 20954 10856 9027 1628 18674 1364 10739 5531 10960 16470 4656 17158 8075 11875 9464 8604 18029 8716 18804 21331 15225 1142 13759 15740 7251 10771 19450 9102 1086 6197 9456 6959 13239 8502 21651 13465 10190 16249 770 15608 8720 13707 7835 20792 15950 1117 10709 1912 15246 18737 2070 21630 15615 2724 18162 19991 10202 13748 21767 16050 15330 1426 18579 23339 20173 17913 13407 18017 7848 8980 8331 9843 20852 6385 10036 14823 8359 15273 22687 16690 3139 22493 3827 18724 15359 4158 21819 18375 22175 21665 21347 16619 3821

//500 2

19453 6773 16751 14094 13615 15902 13472 2768 20941 11218 22453 2276 3263 7562 7867 8039 9233 5118 17330 3366 17982 14965 22657 9039 4064 20416 5786 7831 22681 2374 17704 1790 14540 13742 17894 4229 877 22609 5516 9029 1169 8383 16772 15337 20877 23380 13761 789 17914 2246 6967 21523 6413 19513 13545 2041 9533 2510 17955 22348 1813 6603 16202 12693 3034 5462 19657 6410 23311 1313 21765 23323 19542 5188 1492 3650 13769 16445 20860 2376 1248 15625 426 3239 14333 150 20580 10203 11492 19889 3240 18725 17401 22639 15924 4144 4210 11577 7235 4871 18002 8844 15322 11028 12922 16910 10335 3110 20799 1982 9064 21757 19 17346 8151 4746 12146 13678 16437 19980 19016 4774 18012 21888 145 19925 1031 5045 9442 21357 16666 15644 245 3119 22535 15767 11547 13575 915 10423 16875 7826 15983 9393 2331 2849 13586 4165 11411 18444 13542 6678 6097 13728 19268 8748 14945 15642 16091 10153 21157 8456 5957 13426 2075 12451 16696 6812 19002 6064 17410 1585 905 20043 15734 14795 5901 8268 6022 7634 6464 21479 8171 22676 721 23385 13317 1131 18353 3454 5947 9003 6904 19410 22351 11365 11732 14101 7212 12526 18938 16433 18886 20759 14523 14814 171 8111 2682 2906 11352 15148 3217 18197 7912 17546 5068 20041 21985 16510 17266 3515 15009 2856 21620 20280 7934 756 10486 13619 11978 2622 9475 14737 11584 5189 19706 13790 10157 16406 22656 23321 16404 15959 13468 3497 5374 6619 22275 20020 3175 12586 14291 21213 6905 795 12449 15537 18190 9059 15257 22253 10886 12620 15421 17363 17226 3475 9906 6495 10175 23102 4759 15965 16327 15098 17866 16497 14932 18592 11705 3966 22272 2774 2921 16609 8269 143 17068 9243 23322 19917 5116 3017 11604 1672 18044 1385 7532 2806 1820 16568 9078 12459 21839 8959 16042 21728 6832 14495 6908 10190 21792 7454 8851 3194 17316 14158 1947 2048 4854 18893 16515 3925 5414 11479 18836 10745 15610 21015 8684 4101 4395 620 10040 17460 20349 4288 13066 16909 16782 15940 16447 14400 8406 11301 1673 14113 10133 7668 10988 16990 5475 12750 11319 18475 12971 18545 2418 20243 22907 8866 11341 1207 19564 22493 22932 7548 23413 21788 11610 336 8117 18023 13928 12131 1229 23061 21097 9530 18824 22322 7732 11886 17913 15104 9544 829 7108 11578 1489 7862 22817 5553 11940 8404 17451 21616 14577 22319 20975 4225 4827 23124 7328 2377 9239 10271 10220 6280 22240 9049 17306 11761 20049 18550 8769 17730 23408 18562 18774 21567 15710 4183 7245 1002 14363 11672 21078 22329 2673 12179 17376 2815 6408 17044 12306 3552 8455 1312 8686 23069 7341 19330 3351 4466 22354 10301 20035 21399 3933 16282 9108 15811 11419 16582 17430 3415 10091 14075 14919 21625 7107 785 11852 2590 9396 11709 16954 19610 16361 11008 8040 2830 21036 15627 6339 17975 7217 22941 16981 10612 5372 15597 20735 8200 7614 4508 11624 11047 7715 15235 10475 4719 14383 154 8086 12823 18773 7226

//500 3

7855 22310 18763 13293 5583 12851 16569 4399 16540 5907 542 1475 19778 19376 23052 12598 22325 15239 7234 6036 13580 4806 2023 6028 5029 12621 22426 18938 15237 6687 4272 12866 20958 17312 1340 255 4833 9825 5546 2757 12566 12063 14801 5105 4590 999 22321 21912 14160 4937 23365 10638 2289 10874 3055 11516 6515 15066 16546 15244 18999 6422 7934 16995 17771 19208 16818 1606 17012 1953 10095 2800 3565 12833 11448 16635 12098 6011 19144 19939 18046 7876 21829 13812 9905 5350 23388 7500 7568 9460 22887 1554 2092 8257 22611 18080 8549 12784 15613 2981 6907 5179 20950 4638 18392 16408 8467 13589 14815 17816 22656 17370 446 9653 1547 18175 21000 19966 783 7948 15234 746 22745 1690 3488 21545 15826 2356 3751 1295 12596 3401 23286 23067 21843 12495 20809 13212 23425 803 14563 3707 23351 7953 2918 15970 18920 16543 15247 441 14229 20150 10461 8982 19444 1375 12700 4284 8354 17240 15431 7954 10471 9148 1838 4592 3227 11796 7740 7085 4664 16324 832 6657 6078 4584 16503 4361 468 7495 4183 3804 13794 11291 22100 18269 17856 21699 14132 656 5067 18821 19538 6952 22847 6203 13819 13470 7581 8528 7365 15968 11401 14497 3590 2724 4666 14553 528 15043 12660 10633 7759 6484 4545 21756 21660 7631 22615 20642 10829 18698 7509 2350 13149 14414 21949 4999 22875 12453 19050 13509 14528 9788 10657 8099 2493 9991 2491 9581 7489 6492 7317 10293 15221 18644 9480 15141 19732 13942

//250

16603 9528 13896 14658 15675 3379 9247 18938 4137 11749 22146 5883 4223 22430 10585 11457 18224 16171 14233 18852 2606 9523 3650 3894 18043 23466 4360 12327 15446 6528 17028 438 6007 18824 6077 9612 1541 17906 22953 8802 14506 18613 17990 2131 8741 3617 7649 12422 3999 18304 21861 10514 16138 21868 13754 18734 740 16203 20568 19433 3042 6866 15984 14776 8685 15282 23307 4549 14717 2911 12602 14938 14501 16190 18507 18991 17115 23441 7354 10635 9791 23025 17373 14719 7793 1846 14737 513 14858 14704 15483 5713 20687 9506 14729 5133 4322 5553 15050 22632

//100

6887 565 15664 3260 323

//5

5448 8398 21629 12188 7985 22343 23373 16660 13512 9420 17662 4526 8511 21556 16543 630 13396 3740 6787 15431 16414 12217 19548 3656 18670

//25

15167 15268 1251 139 9265 3055 19578 19454 314 17991 18935 6853 12966 15835 313 13133 16747 21892 894 6920 3638 6150 12092 19599 18518 1031 13202 12377 17506 20971 21205 10713 21562 13507 9768 21382 14772 22052 21515 5173 8983 8291 16492 21768 17150 18075 18788 13592 2127 2282 14116 18435 16089 9370 4284 12125 4244 15095 4191 16897 12663 16804 8407 20646 15489 21836 18411 11313 9526 20230 693 7532 6229 7453 5771 15517 17237 2826 6015 11066 19575 4644 22125 8894 21937 12717 18048 12351 19402 21632 21219 7342 10558 4608 17051 2140 15874 14509 3527 12513 14286 3480 2938 3727 16916 8035 19815 10536 7663 7228 19465 16419 10989 895 10587 22679 8258 2560 16408 23015 16892 15711 17918 19535 9421 17500 13005 19196 23428 14087 14541 2777 6023 20419 17070 4361 8032 11084 15491 12104 11944 3909 9493 4132 6708 8339 18056 9550 19701 16071 3694 18525 13927 6908 104 7721 8750 14048 7362 1738 15442 9449 10738 1832 19723 3875 15220 20780 9415 7066 16753 5833 6123 9705 20505 19487 2724 17842 19062 20375 5924 5865 9174 5021 1046 22724 533 15249 4735 1850 10341 16104 1194 13572 8870 13267 18939 10217 8226 20706 948 14548 22540 5581 20707 17575 20464 9047 1669 6943 3122 909 16440 8816 5344 16879 16453 18054 18665 12801 613 15792 18448 5875 8373 22332 9411 9115 4677 8541 6029 20257 12207 12346 17673 21427 12502 21689 7524 23226 22698 18060 21127 16410 122 16922 19143 19052 18376 23263 6804 7210 21653 13093 17212 18919 11997 1574 3831 13649 6377 16421 12490 3905 5713 23046 4531 8890 18288 21462 6520 15933 6323 13104 20813 10221 20034 9576 9683 3852 2815 11089 12282 238 19500 8120 9051 20035 22933 18762 12738 14937 15704 23193 16965 19490 2829 3468 3158 12950 9870 17604 21614 22038 21159 18485 870 8360 16976 14013 15621 16539 919 5209 6258 10156 18594 18137 3477 7764 14982 4091 3774 3788 7967 12095 9102 4619 8611 18478 16449 141 5042 15561 23134 10509 19905 2786 2550 6997 14302 1006 12816 7161 7675 11049 8499 19427 13936 16192 17315 12160 13772 8634 11638 3478 4171 22108 11599 19049 20148 12485 7361 11804 3508 8941 22543 7163 5786 1134 11158 22875 11669 2213 16868 23356 19449 9741 19008 2208 3194 14688 21621 11550 4547 15681 9592 14288 19088 18302 2501 14705 9748 21803 3093 15754 3818 19479 21485 22939 8866 9858 22527 12806 5156 8029 15918 15334 8256 8965 1303 10699 10337 4313 2176 9948 20639 21856 12945 14762 9217 4269 12618 19956 15213 14897 1049 7603 285 23031 7044 16578 22745 3721 20680 23338 22231 8062 15126 18191 22780 18309 22371 291 18355 11791 18778 15157 3049 9329 2273 16135 10723 19560 14986 8641 15485 18397 707 5458 20896 22273 20179 17220 4066 11548 18412 3551 9784 18916 9317 19927 128 20364 3663 4102 9567 10352 13804 9346 20878 4200 1703 3349 5877 19347 8607 10463 19800 20353 7795 4797 22691 9957 22082 801 1361 22916 18140 13266

//500 1

4418 19157 7892 13954 21393 3870 10549 13011 9291 1033 13180 22134 15938 19002 6886 13171 343 18608 23325 20213 13277 11314 4289 8764 6182 10420 20640 11391 19948 12349 12402 9007 10191 15033 16775 9190 9972 19719 22160 18274 14420 4140 7710 17604 14916 16503 23053 18507 21502 9962 18897 10924 22235 23040 322 19174 11064 16922 22049 4405 8766 17785 9336 13796 21213 12403 21658 19712 20258 19040 18727 19532 15820 10594 2988 1802 20629 11267 8951 11171 5872 18072 16641 325 1566 12378 2776 23417 188 9756 10077 1822 10513 12240 57 14014 11889 1986 3808 6288 13470 12376 21868 20856 3834 15860 14339 23114 5169 2170 5374 17447 6419 498 1865 2369 19881 21106 3076 14311 9774 49 2166 18016 4929 19351 14937 23222 14247 2739 21637 11933 7390 2200 14485 553 5042 8221 23124 11078 20952 8559 8520 806 1440 18239 15284 17921 336 3844 1464 19173 18250 20038 9067 19640 17960 15854 22345 22663 7180 5759 4560 3053 13443 17087 619 11422 12352 3127 15222 5324 2706 6289 21859 23225 8274 2522 172 5460 3444 15111 15563 7916 17314 11743 11745 1450 13859 10366 16040 4493 16727 18715 12572 19377 12019 9994 3088 96 12121 4384 3960 9983 22841 17711 14321 2547 18318 6239 10337 5242 8773 19784 23384 2857 10981 16543 6068 5027 4175 22533 13522 3091 7943 22815 5517 603 6099 20011 19093 7775 18602 12654 4868 6090 14912 11956 15828 3290 8879 958 12847 16717 21900 23279 22631 23341 8404 22826 3145 1045 14772 16653 9225 8091 14638 8346 18925 19717 2710 735 12443 560 5393 2251 11950 19462 13670 17976 11371 2587 23017 5326 10978 4530 18268 16379 7188 8295 11413 9461 4022 4180 22278 22196 2034 1927 5595 5430 20693 2072 8582 198 20301 14057 9987 6208 11236 3146 22591 6310 4682 7095 1970 390 11460 17439 18099 16888 4150 8317 2760 16813 2186 5261 16505 19742 7181 3839 19952 17335 20772 23408 4239 9355 19095 7268 12655 4979 18845 1938 4721 4609 10541 16949 1458 16133 5545 6010 9827 1223 6031 13645 8864 6389 22830 21602 16038 18895 21697 23226 5532 21578 16564 18022 22416 9658 22047 11611 141 9920 7858 14795 3205 11766 1636 12092 6161 4696 9 22075 9261 17568 19893 2324 8516 21338 3232 19133 20010 13257 19281 9587 11817 6446 23267 1625 10185 22219 4277 2777 6481 14252 20307 9215 5654 20359 21201 20686 14330 523 16317 7375 9240 17624 18472 20954 10856 9027 1628 18674 1364 10739 5531 10960 16470 4656 17158 8075 11875 9464 8604 18029 8716 18804 21331 15225 1142 13759 15740 7251 10771 19450 9102 1086 6197 9456 6959 13239 8502 21651 13465 10190 16249 770 15608 8720 13707 7835 20792 15950 1117 10709 1912 15246 18737 2070 21630 15615 2724 18162 19991 10202 13748 21767 16050 15330 1426 18579 23339 20173 17913 13407 18017 7848 8980 8331 9843 20852 6385 10036 14823 8359 15273 22687 16690 3139 22493 3827 18724 15359 4158 21819 18375 22175 21665 21347 16619 3821

//500 2

19453 6773 16751 14094 13615 15902 13472 2768 20941 11218 22453 2276 3263 7562 7867 8039 9233 5118 17330 3366 17982 14965 22657 9039 4064 20416 5786 7831 22681 2374 17704 1790 14540 13742 17894 4229 877 22609 5516 9029 1169 8383 16772 15337 20877 23380 13761 789 17914 2246 6967 21523 6413 19513 13545 2041 9533 2510 17955 22348 1813 6603 16202 12693 3034 5462 19657 6410 23311 1313 21765 23323 19542 5188 1492 3650 13769 16445 20860 2376 1248 15625 426 3239 14333 150 20580 10203 11492 19889 3240 18725 17401 22639 15924 4144 4210 11577 7235 4871 18002 8844 15322 11028 12922 16910 10335 3110 20799 1982 9064 21757 19 17346 8151 4746 12146 13678 16437 19980 19016 4774 18012 21888 145 19925 1031 5045 9442 21357 16666 15644 245 3119 22535 15767 11547 13575 915 10423 16875 7826 15983 9393 2331 2849 13586 4165 11411 18444 13542 6678 6097 13728 19268 8748 14945 15642 16091 10153 21157 8456 5957 13426 2075 12451 16696 6812 19002 6064 17410 1585 905 20043 15734 14795 5901 8268 6022 7634 6464 21479 8171 22676 721 23385 13317 1131 18353 3454 5947 9003 6904 19410 22351 11365 11732 14101 7212 12526 18938 16433 18886 20759 14523 14814 171 8111 2682 2906 11352 15148 3217 18197 7912 17546 5068 20041 21985 16510 17266 3515 15009 2856 21620 20280 7934 756 10486 13619 11978 2622 9475 14737 11584 5189 19706 13790 10157 16406 22656 23321 16404 15959 13468 3497 5374 6619 22275 20020 3175 12586 14291 21213 6905 795 12449 15537 18190 9059 15257 22253 10886 12620 15421 17363 17226 3475 9906 6495 10175 23102 4759 15965 16327 15098 17866 16497 14932 18592 11705 3966 22272 2774 2921 16609 8269 143 17068 9243 23322 19917 5116 3017 11604 1672 18044 1385 7532 2806 1820 16568 9078 12459 21839 8959 16042 21728 6832 14495 6908 10190 21792 7454 8851 3194 17316 14158 1947 2048 4854 18893 16515 3925 5414 11479 18836 10745 15610 21015 8684 4101 4395 620 10040 17460 20349 4288 13066 16909 16782 15940 16447 14400 8406 11301 1673 14113 10133 7668 10988 16990 5475 12750 11319 18475 12971 18545 2418 20243 22907 8866 11341 1207 19564 22493 22932 7548 23413 21788 11610 336 8117 18023 13928 12131 1229 23061 21097 9530 18824 22322 7732 11886 17913 15104 9544 829 7108 11578 1489 7862 22817 5553 11940 8404 17451 21616 14577 22319 20975 4225 4827 23124 7328 2377 9239 10271 10220 6280 22240 9049 17306 11761 20049 18550 8769 17730 23408 18562 18774 21567 15710 4183 7245 1002 14363 11672 21078 22329 2673 12179 17376 2815 6408 17044 12306 3552 8455 1312 8686 23069 7341 19330 3351 4466 22354 10301 20035 21399 3933 16282 9108 15811 11419 16582 17430 3415 10091 14075 14919 21625 7107 785 11852 2590 9396 11709 16954 19610 16361 11008 8040 2830 21036 15627 6339 17975 7217 22941 16981 10612 5372 15597 20735 8200 7614 4508 11624 11047 7715 15235 10475 4719 14383 154 8086 12823 18773 7226

//500 3

10701 17850 2696 14631 9119 23130 13774 11698 7097 20945 11020 13982 2756 8379 12681 817 5304 4718 4880 19699 19025 12740 8995 3475 15803 16191 13210 12261 12308 17992 18449 9435 9217 18318 7957 1577 10911 13140 9603 9765 17365 10279 10025 6548 7415 13584 23437 16175 5884 3650 10929 14454 7141 8123 12507 13228 8037 17816 9412 3849 14240 16113 22981 19279 8802 519 20451 8242 16809 23041 16 19543 15899 11890 21384 9902 15727 22210 21878 8681 15228 8875 19154 23045 1115 14951 625 5878 3045 21921 3532 21991 12316 2214 18730 1750 18611 15008 9894 4226

//100

2711 2522 18703 16852 1906 13131 11448 4378 958 16844 1616 16074 3639 20947 17759 18977 3866 15372 13507 14328 11851 18938 16863 8289 17036 15667 9368 4215 18239 4298 7279 3688 14637 22057 20372 19047 13346 11961 4058 9029 3846 5763 21134 18092 8580 6070 18203 300 7508 15261 677 9626 20554 10193 12264 11245 15245 2876 11329 1459 3012 3264 7824 7719 9145 6063 7474 2421 21363 14187 11212 22416 21040 11916 7707 23055 15887 6657 18651 15815 4965 3807 17753 18542 4111 22532 1351 10114 19649 12097 22747 13463 12567 3514 1878 10248 7369 12586 10194 14647

//100

19056 4644 20370 17489 5120 13143 10801 15333 1147 17564 21584 8281 11182 4648 18023 8041 2166 11207 10577 22785 3651 2105 9255 1353 15204 19162 20189 15000 8021 17930 14854 6659 21747 8950 7287 2582 13751 15463 22082 8410 22813 16363 17479 15242 871 1093 23471 16134 1821 7073 18265 6641 3694 18563 12944 17297 11242 12175 5257 21380 14344 3593 16579 20331 8498 22512 4090 10401 1897 14240 18626 6962 20404 5533 3961 1506 16915 701 422 10573 19850 8284 5402 1559 10512 6135 17334 21672 19172 2867 9705 5404 13167 10228 8496 21041 6714 9586 3389 16978

//100

17016 8691 145 21750 895 12631 16066 9868 3650 14257 2521 9055 13500 6938 11648 12329 2448 8962 15111 16762 2725 12850 19806 9453 11993 7072 5008 19391 17068 17558 7490 9100 14019 13948 21246 20283 4579 10737 7763 19599 264 158 186 5439 15003 6685 21510 13523 17861 5460 20912 8877 278 6184 13607 11958 5453 3343 22746 4991 13146 10843 12822 2289 22020 13381 19795 17318 18837 10012 1547 10727 15106 3708 22231 17994 21131 20153 18069 22108 8826 19186 14088 11513 952 13359 20207 1362 2767 18278 7454 15445 20882 9947 2911 15905 8377 20158 5985 5115 13764 15169 10172 18047 20285 8663 14839 19112 12477 684 19586 17547 7046 13346 5095 13716 7588 12760 8510 21404 15286 20201 11241 3930 3128 2462 15856 17203 9311 18715 23045 19908 6500 20473 14859 3045 19111 13924 20251 20792 10207 3443 5744 9430 8278 21314 8394 19467 23336 13904 10213 6716 10964 11302 12438 18547 11315 17906 12311 16065 6410 9037 16255 21555 10160 1280 1222 9851 5352 18615 18835 1076 16466 17772 1597 4547 5411 20385 14328 19396 4296 20383 15991 23182 21556 15209 9064 17031 14734 23160 111 2673 20900 17821 3078 553 19508 4152 13421 4937

//200